Slope:  196.090950652 Sigma:  163.938497002
Slope:  192.773029207 Sigma:  162.520237878
